1501
9
7
5
3
25
21
17
13
49
43
37
31
81
73
65
57
121
111
101
91
169
157
145
133
225
211
197
183
289
273
257
241
361
343
325
307
441
421
401
381
529
507
485
463
625
601
577
553
729
703
677
651
841
813
785
757
961
931
901
871
1089
1057
1025
993
1225
1191
1157
1123
1369
1333
1297
1261
1521
1483
1445
1407
1681
1641
1601
1561
1849
1807
1765
1723
2025
1981
1937
1893
2209
2163
2117
2071
2401
2353
2305
2257
2601
2551
2501
2451
2809
2757
2705
2653
3025
2971
2917
2863
3249
3193
3137
3081
3481
3423
3365
3307
3721
3661
3601
3541
3969
3907
3845
3783
4225
4161
4097
4033
4489
4423
4357
4291
4761
4693
4625
4557
5041
4971
4901
4831
5329
5257
5185
5113
5625
5551
5477
5403
5929
5853
5777
5701
6241
6163
6085
6007
6561
6481
6401
6321
6889
6807
6725
6643
7225
7141
7057
6973
7569
7483
7397
7311
7921
7833
7745
7657
8281
8191
8101
8011
8649
8557
8465
8373
9025
8931
8837
8743
9409
9313
9217
9121
9801
9703
9605
9507
10201
10101
10001
9901
10609
10507
10405
10303
11025
10921
10817
10713
11449
11343
11237
11131
11881
11773
11665
11557
12321
12211
12101
11991
12769
12657
12545
12433
13225
13111
12997
12883
13689
13573
13457
13341
14161
14043
13925
13807
14641
14521
14401
14281
15129
15007
14885
14763
15625
15501
15377
15253
16129
16003
15877
15751
16641
16513
16385
16257
17161
17031
16901
16771
17689
17557
17425
17293
18225
18091
17957
17823
18769
18633
18497
18361
19321
19183
19045
18907
19881
19741
19601
19461
20449
20307
20165
20023
21025
20881
20737
20593
21609
21463
21317
21171
22201
22053
21905
21757
22801
22651
22501
22351
23409
23257
23105
22953
24025
23871
23717
23563
24649
24493
24337
24181
25281
25123
24965
24807
25921
25761
25601
25441
26569
26407
26245
26083
27225
27061
26897
26733
27889
27723
27557
27391
28561
28393
28225
28057
29241
29071
28901
28731
29929
29757
29585
29413
30625
30451
30277
30103
31329
31153
30977
30801
32041
31863
31685
31507
32761
32581
32401
32221
33489
33307
33125
32943
34225
34041
33857
33673
34969
34783
34597
34411
35721
35533
35345
35157
36481
36291
36101
35911
37249
37057
36865
36673
38025
37831
37637
37443
38809
38613
38417
38221
39601
39403
39205
39007
40401
40201
40001
39801
41209
41007
40805
40603
42025
41821
41617
41413
42849
42643
42437
42231
43681
43473
43265
43057
44521
44311
44101
43891
45369
45157
44945
44733
46225
46011
45797
45583
47089
46873
46657
46441
47961
47743
47525
47307
48841
48621
48401
48181
49729
49507
49285
49063
50625
50401
50177
49953
51529
51303
51077
50851
52441
52213
51985
51757
53361
53131
52901
52671
54289
54057
53825
53593
55225
54991
54757
54523
56169
55933
55697
55461
57121
56883
56645
56407
58081
57841
57601
57361
59049
58807
58565
58323
60025
59781
59537
59293
61009
60763
60517
60271
62001
61753
61505
61257
63001
62751
62501
62251
64009
63757
63505
63253
65025
64771
64517
64263
66049
65793
65537
65281
67081
66823
66565
66307
68121
67861
67601
67341
69169
68907
68645
68383
70225
69961
69697
69433
71289
71023
70757
70491
72361
72093
71825
71557
73441
73171
72901
72631
74529
74257
73985
73713
75625
75351
75077
74803
76729
76453
76177
75901
77841
77563
77285
77007
78961
78681
78401
78121
80089
79807
79525
79243
81225
80941
80657
80373
82369
82083
81797
81511
83521
83233
82945
82657
84681
84391
84101
83811
85849
85557
85265
84973
87025
86731
86437
86143
88209
87913
87617
87321
89401
89103
88805
88507
90601
90301
90001
89701
91809
91507
91205
90903
93025
92721
92417
92113
94249
93943
93637
93331
95481
95173
94865
94557
96721
96411
96101
95791
97969
97657
97345
97033
99225
98911
98597
98283
100489
100173
99857
99541
101761
101443
101125
100807
103041
102721
102401
102081
104329
104007
103685
103363
105625
105301
104977
104653
106929
106603
106277
105951
108241
107913
107585
107257
109561
109231
108901
108571
110889
110557
110225
109893
112225
111891
111557
111223
113569
113233
112897
112561
114921
114583
114245
113907
116281
115941
115601
115261
117649
117307
116965
116623
119025
118681
118337
117993
120409
120063
119717
119371
121801
121453
121105
120757
123201
122851
122501
122151
124609
124257
123905
123553
126025
125671
125317
124963
127449
127093
126737
126381
128881
128523
128165
127807
130321
129961
129601
129241
131769
131407
131045
130683
133225
132861
132497
132133
134689
134323
133957
133591
136161
135793
135425
135057
137641
137271
136901
136531
139129
138757
138385
138013
140625
140251
139877
139503
142129
141753
141377
141001
143641
143263
142885
142507
145161
144781
144401
144021
146689
146307
145925
145543
148225
147841
147457
147073
149769
149383
148997
148611
151321
150933
150545
150157
152881
152491
152101
151711
154449
154057
153665
153273
156025
155631
155237
154843
157609
157213
156817
156421
159201
158803
158405
158007
160801
160401
160001
159601
162409
162007
161605
161203
164025
163621
163217
162813
165649
165243
164837
164431
167281
166873
166465
166057
168921
168511
168101
167691
170569
170157
169745
169333
172225
171811
171397
170983
173889
173473
173057
172641
175561
175143
174725
174307
177241
176821
176401
175981
178929
178507
178085
177663
180625
180201
179777
179353
182329
181903
181477
181051
184041
183613
183185
182757
185761
185331
184901
184471
187489
187057
186625
186193
189225
188791
188357
187923
190969
190533
190097
189661
192721
192283
191845
191407
194481
194041
193601
193161
196249
195807
195365
194923
198025
197581
197137
196693
199809
199363
198917
198471
201601
201153
200705
200257
203401
202951
202501
202051
205209
204757
204305
203853
207025
206571
206117
205663
208849
208393
207937
207481
210681
210223
209765
209307
212521
212061
211601
211141
214369
213907
213445
212983
216225
215761
215297
214833
218089
217623
217157
216691
219961
219493
219025
218557
221841
221371
220901
220431
223729
223257
222785
222313
225625
225151
224677
224203
227529
227053
226577
226101
229441
228963
228485
228007
231361
230881
230401
229921
233289
232807
232325
231843
235225
234741
234257
233773
237169
236683
236197
235711
239121
238633
238145
237657
241081
240591
240101
239611
243049
242557
242065
241573
245025
244531
244037
243543
247009
246513
246017
245521
249001
248503
248005
247507
251001
250501
250001
249501
253009
252507
252005
251503
255025
254521
254017
253513
257049
256543
256037
255531
259081
258573
258065
257557
261121
260611
260101
259591
263169
262657
262145
261633
265225
264711
264197
263683
267289
266773
266257
265741
269361
268843
268325
267807
271441
270921
270401
269881
273529
273007
272485
271963
275625
275101
274577
274053
277729
277203
276677
276151
279841
279313
278785
278257
281961
281431
280901
280371
284089
283557
283025
282493
286225
285691
285157
284623
288369
287833
287297
286761
290521
289983
289445
288907
292681
292141
291601
291061
294849
294307
293765
293223
297025
296481
295937
295393
299209
298663
298117
297571
301401
300853
300305
299757
303601
303051
302501
301951
305809
305257
304705
304153
308025
307471
306917
306363
310249
309693
309137
308581
312481
311923
311365
310807
314721
314161
313601
313041
316969
316407
315845
315283
319225
318661
318097
317533
321489
320923
320357
319791
323761
323193
322625
322057
326041
325471
324901
324331
328329
327757
327185
326613
330625
330051
329477
328903
332929
332353
331777
331201
335241
334663
334085
333507
337561
336981
336401
335821
339889
339307
338725
338143
342225
341641
341057
340473
344569
343983
343397
342811
346921
346333
345745
345157
349281
348691
348101
347511
351649
351057
350465
349873
354025
353431
352837
352243
356409
355813
355217
354621
358801
358203
357605
357007
361201
360601
360001
359401
363609
363007
362405
361803
366025
365421
364817
364213
368449
367843
367237
366631
370881
370273
369665
369057
373321
372711
372101
371491
375769
375157
374545
373933
378225
377611
376997
376383
380689
380073
379457
378841
383161
382543
381925
381307
385641
385021
384401
383781
388129
387507
386885
386263
390625
390001
389377
388753
393129
392503
391877
391251
395641
395013
394385
393757
398161
397531
396901
396271
400689
400057
399425
398793
403225
402591
401957
401323
405769
405133
404497
403861
408321
407683
407045
406407
410881
410241
409601
408961
413449
412807
412165
411523
416025
415381
414737
414093
418609
417963
417317
416671
421201
420553
419905
419257
423801
423151
422501
421851
426409
425757
425105
424453
429025
428371
427717
427063
431649
430993
430337
429681
434281
433623
432965
432307
436921
436261
435601
434941
439569
438907
438245
437583
442225
441561
440897
440233
444889
444223
443557
442891
447561
446893
446225
445557
450241
449571
448901
448231
452929
452257
451585
450913
455625
454951
454277
453603
458329
457653
456977
456301
461041
460363
459685
459007
463761
463081
462401
461721
466489
465807
465125
464443
469225
468541
467857
467173
471969
471283
470597
469911
474721
474033
473345
472657
477481
476791
476101
475411
480249
479557
478865
478173
483025
482331
481637
480943
485809
485113
484417
483721
488601
487903
487205
486507
491401
490701
490001
489301
494209
493507
492805
492103
497025
496321
495617
494913
499849
499143
498437
497731
502681
501973
501265
500557
505521
504811
504101
503391
508369
507657
506945
506233
511225
510511
509797
509083
514089
513373
512657
511941
516961
516243
515525
514807
519841
519121
518401
517681
522729
522007
521285
520563
525625
524901
524177
523453
528529
527803
527077
526351
531441
530713
529985
529257
534361
533631
532901
532171
537289
536557
535825
535093
540225
539491
538757
538023
543169
542433
541697
540961
546121
545383
544645
543907
549081
548341
547601
546861
552049
551307
550565
549823
555025
554281
553537
552793
558009
557263
556517
555771
561001
560253
559505
558757
564001
563251
562501
561751
567009
566257
565505
564753
570025
569271
568517
567763
573049
572293
571537
570781
576081
575323
574565
573807
579121
578361
577601
576841
582169
581407
580645
579883
585225
584461
583697
582933
588289
587523
586757
585991
591361
590593
589825
589057
594441
593671
592901
592131
597529
596757
595985
595213
600625
599851
599077
598303
603729
602953
602177
601401
606841
606063
605285
604507
609961
609181
608401
607621
613089
612307
611525
610743
616225
615441
614657
613873
619369
618583
617797
617011
622521
621733
620945
620157
625681
624891
624101
623311
628849
628057
627265
626473
632025
631231
630437
629643
635209
634413
633617
632821
638401
637603
636805
636007
641601
640801
640001
639201
644809
644007
643205
642403
648025
647221
646417
645613
651249
650443
649637
648831
654481
653673
652865
652057
657721
656911
656101
655291
660969
660157
659345
658533
664225
663411
662597
661783
667489
666673
665857
665041
670761
669943
669125
668307
674041
673221
672401
671581
677329
676507
675685
674863
680625
679801
678977
678153
683929
683103
682277
681451
687241
686413
685585
684757
690561
689731
688901
688071
693889
693057
692225
691393
697225
696391
695557
694723
700569
699733
698897
698061
703921
703083
702245
701407
707281
706441
705601
704761
710649
709807
708965
708123
714025
713181
712337
711493
717409
716563
715717
714871
720801
719953
719105
718257
724201
723351
722501
721651
727609
726757
725905
725053
731025
730171
729317
728463
734449
733593
732737
731881
737881
737023
736165
735307
741321
740461
739601
738741
744769
743907
743045
742183
748225
747361
746497
745633
751689
750823
749957
749091
755161
754293
753425
752557
758641
757771
756901
756031
762129
761257
760385
759513
765625
764751
763877
763003
769129
768253
767377
766501
772641
771763
770885
770007
776161
775281
774401
773521
779689
778807
777925
777043
783225
782341
781457
780573
786769
785883
784997
784111
790321
789433
788545
787657
793881
792991
792101
791211
797449
796557
795665
794773
801025
800131
799237
798343
804609
803713
802817
801921
808201
807303
806405
805507
811801
810901
810001
809101
815409
814507
813605
812703
819025
818121
817217
816313
822649
821743
820837
819931
826281
825373
824465
823557
829921
829011
828101
827191
833569
832657
831745
830833
837225
836311
835397
834483
840889
839973
839057
838141
844561
843643
842725
841807
848241
847321
846401
845481
851929
851007
850085
849163
855625
854701
853777
852853
859329
858403
857477
856551
863041
862113
861185
860257
866761
865831
864901
863971
870489
869557
868625
867693
874225
873291
872357
871423
877969
877033
876097
875161
881721
880783
879845
878907
885481
884541
883601
882661
889249
888307
887365
886423
893025
892081
891137
890193
896809
895863
894917
893971
900601
899653
898705
897757
904401
903451
902501
901551
908209
907257
906305
905353
912025
911071
910117
909163
915849
914893
913937
912981
919681
918723
917765
916807
923521
922561
921601
920641
927369
926407
925445
924483
931225
930261
929297
928333
935089
934123
933157
932191
938961
937993
937025
936057
942841
941871
940901
939931
946729
945757
944785
943813
950625
949651
948677
947703
954529
953553
952577
951601
958441
957463
956485
955507
962361
961381
960401
959421
966289
965307
964325
963343
970225
969241
968257
967273
974169
973183
972197
971211
978121
977133
976145
975157
982081
981091
980101
979111
986049
985057
984065
983073
990025
989031
988037
987043
994009
993013
992017
991021
998001
997003
996005
995007
1002001
1001001
1000001
999001
1006009
1005007
1004005
1003003
1010025
1009021
1008017
1007013
1014049
1013043
1012037
1011031
1018081
1017073
1016065
1015057
1022121
1021111
1020101
1019091
1026169
1025157
1024145
1023133
1030225
1029211
1028197
1027183
1034289
1033273
1032257
1031241
1038361
1037343
1036325
1035307
1042441
1041421
1040401
1039381
1046529
1045507
1044485
1043463
1050625
1049601
1048577
1047553
1054729
1053703
1052677
1051651
1058841
1057813
1056785
1055757
1062961
1061931
1060901
1059871
1067089
1066057
1065025
1063993
1071225
1070191
1069157
1068123
1075369
1074333
1073297
1072261
1079521
1078483
1077445
1076407
1083681
1082641
1081601
1080561
1087849
1086807
1085765
1084723
1092025
1090981
1089937
1088893
1096209
1095163
1094117
1093071
1100401
1099353
1098305
1097257
1104601
1103551
1102501
1101451
1108809
1107757
1106705
1105653
1113025
1111971
1110917
1109863
1117249
1116193
1115137
1114081
1121481
1120423
1119365
1118307
1125721
1124661
1123601
1122541
1129969
1128907
1127845
1126783
1134225
1133161
1132097
1131033
1138489
1137423
1136357
1135291
1142761
1141693
1140625
1139557
1147041
1145971
1144901
1143831
1151329
1150257
1149185
1148113
1155625
1154551
1153477
1152403
1159929
1158853
1157777
1156701
1164241
1163163
1162085
1161007
1168561
1167481
1166401
1165321
1172889
1171807
1170725
1169643
1177225
1176141
1175057
1173973
1181569
1180483
1179397
1178311
1185921
1184833
1183745
1182657
1190281
1189191
1188101
1187011
1194649
1193557
1192465
1191373
1199025
1197931
1196837
1195743
1203409
1202313
1201217
1200121
1207801
1206703
1205605
1204507
1212201
1211101
1210001
1208901
1216609
1215507
1214405
1213303
1221025
1219921
1218817
1217713
1225449
1224343
1223237
1222131
1229881
1228773
1227665
1226557
1234321
1233211
1232101
1230991
1238769
1237657
1236545
1235433
1243225
1242111
1240997
1239883
1247689
1246573
1245457
1244341
1252161
1251043
1249925
1248807
1256641
1255521
1254401
1253281
1261129
1260007
1258885
1257763
1265625
1264501
1263377
1262253
1270129
1269003
1267877
1266751
1274641
1273513
1272385
1271257
1279161
1278031
1276901
1275771
1283689
1282557
1281425
1280293
1288225
1287091
1285957
1284823
1292769
1291633
1290497
1289361
1297321
1296183
1295045
1293907
1301881
1300741
1299601
1298461
1306449
1305307
1304165
1303023
1311025
1309881
1308737
1307593
1315609
1314463
1313317
1312171
1320201
1319053
1317905
1316757
1324801
1323651
1322501
1321351
1329409
1328257
1327105
1325953
1334025
1332871
1331717
1330563
1338649
1337493
1336337
1335181
1343281
1342123
1340965
1339807
1347921
1346761
1345601
1344441
1352569
1351407
1350245
1349083
1357225
1356061
1354897
1353733
1361889
1360723
1359557
1358391
1366561
1365393
1364225
1363057
1371241
1370071
1368901
1367731
1375929
1374757
1373585
1372413
1380625
1379451
1378277
1377103
1385329
1384153
1382977
1381801
1390041
1388863
1387685
1386507
1394761
1393581
1392401
1391221
1399489
1398307
1397125
1395943
1404225
1403041
1401857
1400673
1408969
1407783
1406597
1405411
1413721
1412533
1411345
1410157
1418481
1417291
1416101
1414911
1423249
1422057
1420865
1419673
1428025
1426831
1425637
1424443
1432809
1431613
1430417
1429221
1437601
1436403
1435205
1434007
1442401
1441201
1440001
1438801
1447209
1446007
1444805
1443603
1452025
1450821
1449617
1448413
1456849
1455643
1454437
1453231
1461681
1460473
1459265
1458057
1466521
1465311
1464101
1462891
1471369
1470157
1468945
1467733
1476225
1475011
1473797
1472583
1481089
1479873
1478657
1477441
1485961
1484743
1483525
1482307
1490841
1489621
1488401
1487181
1495729
1494507
1493285
1492063
1500625
1499401
1498177
1496953
1505529
1504303
1503077
1501851
1510441
1509213
1507985
1506757
1515361
1514131
1512901
1511671
1520289
1519057
1517825
1516593
1525225
1523991
1522757
1521523
1530169
1528933
1527697
1526461
1535121
1533883
1532645
1531407
1540081
1538841
1537601
1536361
1545049
1543807
1542565
1541323
1550025
1548781
1547537
1546293
1555009
1553763
1552517
1551271
1560001
1558753
1557505
1556257
1565001
1563751
1562501
1561251
1570009
1568757
1567505
1566253
1575025
1573771
1572517
1571263
1580049
1578793
1577537
1576281
1585081
1583823
1582565
1581307
1590121
1588861
1587601
1586341
1595169
1593907
1592645
1591383
1600225
1598961
1597697
1596433
1605289
1604023
1602757
1601491
1610361
1609093
1607825
1606557
1615441
1614171
1612901
1611631
1620529
1619257
1617985
1616713
1625625
1624351
1623077
1621803
1630729
1629453
1628177
1626901
1635841
1634563
1633285
1632007
1640961
1639681
1638401
1637121
1646089
1644807
1643525
1642243
1651225
1649941
1648657
1647373
1656369
1655083
1653797
1652511
1661521
1660233
1658945
1657657
1666681
1665391
1664101
1662811
1671849
1670557
1669265
1667973
1677025
1675731
1674437
1673143
1682209
1680913
1679617
1678321
1687401
1686103
1684805
1683507
1692601
1691301
1690001
1688701
1697809
1696507
1695205
1693903
1703025
1701721
1700417
1699113
1708249
1706943
1705637
1704331
1713481
1712173
1710865
1709557
1718721
1717411
1716101
1714791
1723969
1722657
1721345
1720033
1729225
1727911
1726597
1725283
1734489
1733173
1731857
1730541
1739761
1738443
1737125
1735807
1745041
1743721
1742401
1741081
1750329
1749007
1747685
1746363
1755625
1754301
1752977
1751653
1760929
1759603
1758277
1756951
1766241
1764913
1763585
1762257
1771561
1770231
1768901
1767571
1776889
1775557
1774225
1772893
1782225
1780891
1779557
1778223
1787569
1786233
1784897
1783561
1792921
1791583
1790245
1788907
1798281
1796941
1795601
1794261
1803649
1802307
1800965
1799623
1809025
1807681
1806337
1804993
1814409
1813063
1811717
1810371
1819801
1818453
1817105
1815757
1825201
1823851
1822501
1821151
1830609
1829257
1827905
1826553
1836025
1834671
1833317
1831963
1841449
1840093
1838737
1837381
1846881
1845523
1844165
1842807
1852321
1850961
1849601
1848241
1857769
1856407
1855045
1853683
1863225
1861861
1860497
1859133
1868689
1867323
1865957
1864591
1874161
1872793
1871425
1870057
1879641
1878271
1876901
1875531
1885129
1883757
1882385
1881013
1890625
1889251
1887877
1886503
1896129
1894753
1893377
1892001
1901641
1900263
1898885
1897507
1907161
1905781
1904401
1903021
1912689
1911307
1909925
1908543
1918225
1916841
1915457
1914073
1923769
1922383
1920997
1919611
1929321
1927933
1926545
1925157
1934881
1933491
1932101
1930711
1940449
1939057
1937665
1936273
1946025
1944631
1943237
1941843
1951609
1950213
1948817
1947421
1957201
1955803
1954405
1953007
1962801
1961401
1960001
1958601
1968409
1967007
1965605
1964203
1974025
1972621
1971217
1969813
1979649
1978243
1976837
1975431
1985281
1983873
1982465
1981057
1990921
1989511
1988101
1986691
1996569
1995157
1993745
1992333
2002225
2000811
1999397
1997983
2007889
2006473
2005057
2003641
2013561
2012143
2010725
2009307
2019241
2017821
2016401
2014981
2024929
2023507
2022085
2020663
2030625
2029201
2027777
2026353
2036329
2034903
2033477
2032051
2042041
2040613
2039185
2037757
2047761
2046331
2044901
2043471
2053489
2052057
2050625
2049193
2059225
2057791
2056357
2054923
2064969
2063533
2062097
2060661
2070721
2069283
2067845
2066407
2076481
2075041
2073601
2072161
2082249
2080807
2079365
2077923
2088025
2086581
2085137
2083693
2093809
2092363
2090917
2089471
2099601
2098153
2096705
2095257
2105401
2103951
2102501
2101051
2111209
2109757
2108305
2106853
2117025
2115571
2114117
2112663
2122849
2121393
2119937
2118481
2128681
2127223
2125765
2124307
2134521
2133061
2131601
2130141
2140369
2138907
2137445
2135983
2146225
2144761
2143297
2141833
2152089
2150623
2149157
2147691
2157961
2156493
2155025
2153557
2163841
2162371
2160901
2159431
2169729
2168257
2166785
2165313
2175625
2174151
2172677
2171203
2181529
2180053
2178577
2177101
2187441
2185963
2184485
2183007
2193361
2191881
2190401
2188921
2199289
2197807
2196325
2194843
2205225
2203741
2202257
2200773
2211169
2209683
2208197
2206711
2217121
2215633
2214145
2212657
2223081
2221591
2220101
2218611
2229049
2227557
2226065
2224573
2235025
2233531
2232037
2230543
2241009
2239513
2238017
2236521
2247001
2245503
2244005
2242507
2253001
2251501
2250001
2248501
1
 1501 0.0999666777740753
ans 1501
